{
  "data": [
    {
      "type": "heatmap",
      "z": [
        [
          1.0,
          0.5264685890643487,
          -0.11594426546964315,
          -0.004183405025488665,
          -0.04093043126393755,
          0.021918136240085526,
          0.005169508159492255,
          -0.003778369063595989,
          0.025634399325649728,
          0.04340931097825471,
          0.02796458061223208,
          0.14878618450236414,
          0.33362658048068594
        ],
        [
          0.5264685890643487,
          1.0,
          0.027151333890868993,
          0.1274278239719333,
          -0.16587381098529305,
          0.07745556146519682,
          0.011603840310495113,
          0.09672735420600191,
          -0.08429691564541977,
          0.01720703602776333,
          0.10371857126641819,
          0.21697333865844814,
          0.48340613574321667
        ],
        [
          -0.11594426546964315,
          0.027151333890868993,
          1.0,
          -0.030405969032367114,
          -0.10556172164514149,
          -0.05621176364319695,
          -0.06942859444188719,
          -0.23149097292058593,
          -0.2334336671140033,
          -0.2099465759679774,
          -0.04277382667598131,
          -0.22643211999849364,
          -0.06932593075746167
        ],
        [
          -0.004183405025488665,
          0.1274278239719333,
          -0.030405969032367114,
          1.0,
          0.00771143264517278,
          0.036400834649686936,
          -0.017931989775379426,
          -0.046896560981539034,
          0.15791801604655514,
          -0.009055273036186404,
          -0.11319907761553105,
          -0.06863469882973389,
          0.10814146190873747
        ],
        [
          -0.04093043126393755,
          -0.16587381098529305,
          -0.10556172164514149,
          0.00771143264517278,
          1.0,
          0.0830716391682163,
          0.04283614583419695,
          0.21922861606056443,
          0.3714500069021448,
          0.36590905371099114,
          0.34004855839670656,
          0.26623870946871625,
          -0.10335163134709785
        ],
        [
          0.021918136240085526,
          0.07745556146519682,
          -0.05621176364319695,
          0.036400834649686936,
          0.0830716391682163,
          1.0,
          0.0030745015406496087,
          0.10141771102961164,
          0.0452612966259377,
          0.08194321045568731,
          0.14969636838842446,
          0.19194469875254866,
          0.02341775085853522
        ],
        [
          0.005169508159492255,
          0.011603840310495113,
          -0.06942859444188719,
          -0.017931989775379426,
          0.04283614583419695,
          0.0030745015406496087,
          1.0,
          0.08527308850139174,
          -0.04189330954618259,
          0.020957627849466774,
          0.05342595947676035,
          0.03009847797662989,
          -0.057130049620167385
        ],
        [
          -0.003778369063595989,
          0.09672735420600191,
          -0.23149097292058593,
          -0.046896560981539034,
          0.21922861606056443,
          0.10141771102961164,
          0.08527308850139174,
          1.0,
          0.17145956193382617,
          0.6538715654131532,
          0.3910042076539071,
          0.40006827701412,
          0.050794466710059924
        ],
        [
          0.025634399325649728,
          -0.08429691564541977,
          -0.2334336671140033,
          0.15791801604655514,
          0.3714500069021448,
          0.0452612966259377,
          -0.04189330954618259,
          0.17145956193382617,
          1.0,
          0.31982712444014005,
          0.11385020277842278,
          0.14095588397170616,
          0.03863328587148373
        ],
        [
          0.04340931097825471,
          0.01720703602776333,
          -0.2099465759679774,
          -0.009055273036186404,
          0.36590905371099114,
          0.08194321045568731,
          0.020957627849466774,
          0.6538715654131532,
          0.31982712444014005,
          1.0,
          0.49769728506737265,
          0.3251477440877653,
          0.08366619282132495
        ],
        [
          0.02796458061223208,
          0.10371857126641819,
          -0.04277382667598131,
          -0.11319907761553105,
          0.34004855839670656,
          0.14969636838842446,
          0.05342595947676035,
          0.3910042076539071,
          0.11385020277842278,
          0.49769728506737265,
          1.0,
          0.4780432636707174,
          -0.06532262573512748
        ],
        [
          0.14878618450236414,
          0.21697333865844814,
          -0.22643211999849364,
          -0.06863469882973389,
          0.26623870946871625,
          0.19194469875254866,
          0.03009847797662989,
          0.40006827701412,
          0.14095588397170616,
          0.3251477440877653,
          0.4780432636707174,
          1.0,
          0.09077800745734775
        ],
        [
          0.33362658048068594,
          0.48340613574321667,
          -0.06932593075746167,
          0.10814146190873747,
          -0.10335163134709785,
          0.02341775085853522,
          -0.057130049620167385,
          0.050794466710059924,
          0.03863328587148373,
          0.08366619282132495,
          -0.06532262573512748,
          0.09077800745734775,
          1.0
        ]
      ],
      "x": [
        "oni",
        "pdo",
        "discharge",
        "da",
        "pn",
        "beuti",
        "chla-anom",
        "modis-chla",
        "modis-flr",
        "modis-k490",
        "modis-par",
        "modis-sst",
        "sst-anom"
      ],
      "y": [
        "oni",
        "pdo",
        "discharge",
        "da",
        "pn",
        "beuti",
        "chla-anom",
        "modis-chla",
        "modis-flr",
        "modis-k490",
        "modis-par",
        "modis-sst",
        "sst-anom"
      ],
      "colorscale": [
        [
          0.0,
          "rgb(178, 24, 43)"
        ],
        [
          0.25,
          "rgb(239, 138, 98)"
        ],
        [
          0.5,
          "rgb(255, 255, 255)"
        ],
        [
          0.75,
          "rgb(103, 169, 207)"
        ],
        [
          1.0,
          "rgb(33, 102, 172)"
        ]
      ],
      "zmid": 0,
      "zmin": -1,
      "zmax": 1,
      "colorbar": {
        "title": "Correlation (r)",
        "titleside": "right",
        "tickmode": "linear",
        "tick0": -1,
        "dtick": 0.5
      }
    }
  ],
  "layout": {
    "title": {
      "text": "Correlation Heatmap - Clatsop Beach",
      "font": {
        "size": 20
      }
    },
    "height": 600,
    "width": 800,
    "xaxis": {
      "side": "bottom",
      "tickangle": -45,
      "tickfont": {
        "size": 12
      }
    },
    "yaxis": {
      "side": "left",
      "tickfont": {
        "size": 12
      }
    },
    "annotations": [
      {
        "x": "oni",
        "y": "oni",
        "text": "1.00",
        "font": {
          "color": "white",
          "size": 10
        },
        "showarrow": false
      },
      {
        "x": "pdo",
        "y": "oni",
        "text": "0.53",
        "font": {
          "color": "black",
          "size": 10
        },
        "showarrow": false
      },
      {
        "x": "discharge",
        "y": "oni",
        "text": "-0.12",
        "font": {
          "color": "black",
          "size": 10
        },
        "showarrow": false
      },
      {
        "x": "da",
        "y": "oni",
        "text": "-0.00",
        "font": {
          "color": "black",
          "size": 10
        },
        "showarrow": false
      },
      {
        "x": "pn",
        "y": "oni",
        "text": "-0.04",
        "font": {
          "color": "black",
          "size": 10
        },
        "showarrow": false
      },
      {
        "x": "beuti",
        "y": "oni",
        "text": "0.02",
        "font": {
          "color": "black",
          "size": 10
        },
        "showarrow": false
      },
      {
        "x": "chla-anom",
        "y": "oni",
        "text": "0.01",
        "font": {
          "color": "black",
          "size": 10
        },
        "showarrow": false
      },
      {
        "x": "modis-chla",
        "y": "oni",
        "text": "-0.00",
        "font": {
          "color": "black",
          "size": 10
        },
        "showarrow": false
      },
      {
        "x": "modis-flr",
        "y": "oni",
        "text": "0.03",
        "font": {
          "color": "black",
          "size": 10
        },
        "showarrow": false
      },
      {
        "x": "modis-k490",
        "y": "oni",
        "text": "0.04",
        "font": {
          "color": "black",
          "size": 10
        },
        "showarrow": false
      },
      {
        "x": "modis-par",
        "y": "oni",
        "text": "0.03",
        "font": {
          "color": "black",
          "size": 10
        },
        "showarrow": false
      },
      {
        "x": "modis-sst",
        "y": "oni",
        "text": "0.15",
        "font": {
          "color": "black",
          "size": 10
        },
        "showarrow": false
      },
      {
        "x": "sst-anom",
        "y": "oni",
        "text": "0.33",
        "font": {
          "color": "black",
          "size": 10
        },
        "showarrow": false
      },
      {
        "x": "oni",
        "y": "pdo",
        "text": "0.53",
        "font": {
          "color": "black",
          "size": 10
        },
        "showarrow": false
      },
      {
        "x": "pdo",
        "y": "pdo",
        "text": "1.00",
        "font": {
          "color": "white",
          "size": 10
        },
        "showarrow": false
      },
      {
        "x": "discharge",
        "y": "pdo",
        "text": "0.03",
        "font": {
          "color": "black",
          "size": 10
        },
        "showarrow": false
      },
      {
        "x": "da",
        "y": "pdo",
        "text": "0.13",
        "font": {
          "color": "black",
          "size": 10
        },
        "showarrow": false
      },
      {
        "x": "pn",
        "y": "pdo",
        "text": "-0.17",
        "font": {
          "color": "black",
          "size": 10
        },
        "showarrow": false
      },
      {
        "x": "beuti",
        "y": "pdo",
        "text": "0.08",
        "font": {
          "color": "black",
          "size": 10
        },
        "showarrow": false
      },
      {
        "x": "chla-anom",
        "y": "pdo",
        "text": "0.01",
        "font": {
          "color": "black",
          "size": 10
        },
        "showarrow": false
      },
      {
        "x": "modis-chla",
        "y": "pdo",
        "text": "0.10",
        "font": {
          "color": "black",
          "size": 10
        },
        "showarrow": false
      },
      {
        "x": "modis-flr",
        "y": "pdo",
        "text": "-0.08",
        "font": {
          "color": "black",
          "size": 10
        },
        "showarrow": false
      },
      {
        "x": "modis-k490",
        "y": "pdo",
        "text": "0.02",
        "font": {
          "color": "black",
          "size": 10
        },
        "showarrow": false
      },
      {
        "x": "modis-par",
        "y": "pdo",
        "text": "0.10",
        "font": {
          "color": "black",
          "size": 10
        },
        "showarrow": false
      },
      {
        "x": "modis-sst",
        "y": "pdo",
        "text": "0.22",
        "font": {
          "color": "black",
          "size": 10
        },
        "showarrow": false
      },
      {
        "x": "sst-anom",
        "y": "pdo",
        "text": "0.48",
        "font": {
          "color": "black",
          "size": 10
        },
        "showarrow": false
      },
      {
        "x": "oni",
        "y": "discharge",
        "text": "-0.12",
        "font": {
          "color": "black",
          "size": 10
        },
        "showarrow": false
      },
      {
        "x": "pdo",
        "y": "discharge",
        "text": "0.03",
        "font": {
          "color": "black",
          "size": 10
        },
        "showarrow": false
      },
      {
        "x": "discharge",
        "y": "discharge",
        "text": "1.00",
        "font": {
          "color": "white",
          "size": 10
        },
        "showarrow": false
      },
      {
        "x": "da",
        "y": "discharge",
        "text": "-0.03",
        "font": {
          "color": "black",
          "size": 10
        },
        "showarrow": false
      },
      {
        "x": "pn",
        "y": "discharge",
        "text": "-0.11",
        "font": {
          "color": "black",
          "size": 10
        },
        "showarrow": false
      },
      {
        "x": "beuti",
        "y": "discharge",
        "text": "-0.06",
        "font": {
          "color": "black",
          "size": 10
        },
        "showarrow": false
      },
      {
        "x": "chla-anom",
        "y": "discharge",
        "text": "-0.07",
        "font": {
          "color": "black",
          "size": 10
        },
        "showarrow": false
      },
      {
        "x": "modis-chla",
        "y": "discharge",
        "text": "-0.23",
        "font": {
          "color": "black",
          "size": 10
        },
        "showarrow": false
      },
      {
        "x": "modis-flr",
        "y": "discharge",
        "text": "-0.23",
        "font": {
          "color": "black",
          "size": 10
        },
        "showarrow": false
      },
      {
        "x": "modis-k490",
        "y": "discharge",
        "text": "-0.21",
        "font": {
          "color": "black",
          "size": 10
        },
        "showarrow": false
      },
      {
        "x": "modis-par",
        "y": "discharge",
        "text": "-0.04",
        "font": {
          "color": "black",
          "size": 10
        },
        "showarrow": false
      },
      {
        "x": "modis-sst",
        "y": "discharge",
        "text": "-0.23",
        "font": {
          "color": "black",
          "size": 10
        },
        "showarrow": false
      },
      {
        "x": "sst-anom",
        "y": "discharge",
        "text": "-0.07",
        "font": {
          "color": "black",
          "size": 10
        },
        "showarrow": false
      },
      {
        "x": "oni",
        "y": "da",
        "text": "-0.00",
        "font": {
          "color": "black",
          "size": 10
        },
        "showarrow": false
      },
      {
        "x": "pdo",
        "y": "da",
        "text": "0.13",
        "font": {
          "color": "black",
          "size": 10
        },
        "showarrow": false
      },
      {
        "x": "discharge",
        "y": "da",
        "text": "-0.03",
        "font": {
          "color": "black",
          "size": 10
        },
        "showarrow": false
      },
      {
        "x": "da",
        "y": "da",
        "text": "1.00",
        "font": {
          "color": "white",
          "size": 10
        },
        "showarrow": false
      },
      {
        "x": "pn",
        "y": "da",
        "text": "0.01",
        "font": {
          "color": "black",
          "size": 10
        },
        "showarrow": false
      },
      {
        "x": "beuti",
        "y": "da",
        "text": "0.04",
        "font": {
          "color": "black",
          "size": 10
        },
        "showarrow": false
      },
      {
        "x": "chla-anom",
        "y": "da",
        "text": "-0.02",
        "font": {
          "color": "black",
          "size": 10
        },
        "showarrow": false
      },
      {
        "x": "modis-chla",
        "y": "da",
        "text": "-0.05",
        "font": {
          "color": "black",
          "size": 10
        },
        "showarrow": false
      },
      {
        "x": "modis-flr",
        "y": "da",
        "text": "0.16",
        "font": {
          "color": "black",
          "size": 10
        },
        "showarrow": false
      },
      {
        "x": "modis-k490",
        "y": "da",
        "text": "-0.01",
        "font": {
          "color": "black",
          "size": 10
        },
        "showarrow": false
      },
      {
        "x": "modis-par",
        "y": "da",
        "text": "-0.11",
        "font": {
          "color": "black",
          "size": 10
        },
        "showarrow": false
      },
      {
        "x": "modis-sst",
        "y": "da",
        "text": "-0.07",
        "font": {
          "color": "black",
          "size": 10
        },
        "showarrow": false
      },
      {
        "x": "sst-anom",
        "y": "da",
        "text": "0.11",
        "font": {
          "color": "black",
          "size": 10
        },
        "showarrow": false
      },
      {
        "x": "oni",
        "y": "pn",
        "text": "-0.04",
        "font": {
          "color": "black",
          "size": 10
        },
        "showarrow": false
      },
      {
        "x": "pdo",
        "y": "pn",
        "text": "-0.17",
        "font": {
          "color": "black",
          "size": 10
        },
        "showarrow": false
      },
      {
        "x": "discharge",
        "y": "pn",
        "text": "-0.11",
        "font": {
          "color": "black",
          "size": 10
        },
        "showarrow": false
      },
      {
        "x": "da",
        "y": "pn",
        "text": "0.01",
        "font": {
          "color": "black",
          "size": 10
        },
        "showarrow": false
      },
      {
        "x": "pn",
        "y": "pn",
        "text": "1.00",
        "font": {
          "color": "white",
          "size": 10
        },
        "showarrow": false
      },
      {
        "x": "beuti",
        "y": "pn",
        "text": "0.08",
        "font": {
          "color": "black",
          "size": 10
        },
        "showarrow": false
      },
      {
        "x": "chla-anom",
        "y": "pn",
        "text": "0.04",
        "font": {
          "color": "black",
          "size": 10
        },
        "showarrow": false
      },
      {
        "x": "modis-chla",
        "y": "pn",
        "text": "0.22",
        "font": {
          "color": "black",
          "size": 10
        },
        "showarrow": false
      },
      {
        "x": "modis-flr",
        "y": "pn",
        "text": "0.37",
        "font": {
          "color": "black",
          "size": 10
        },
        "showarrow": false
      },
      {
        "x": "modis-k490",
        "y": "pn",
        "text": "0.37",
        "font": {
          "color": "black",
          "size": 10
        },
        "showarrow": false
      },
      {
        "x": "modis-par",
        "y": "pn",
        "text": "0.34",
        "font": {
          "color": "black",
          "size": 10
        },
        "showarrow": false
      },
      {
        "x": "modis-sst",
        "y": "pn",
        "text": "0.27",
        "font": {
          "color": "black",
          "size": 10
        },
        "showarrow": false
      },
      {
        "x": "sst-anom",
        "y": "pn",
        "text": "-0.10",
        "font": {
          "color": "black",
          "size": 10
        },
        "showarrow": false
      },
      {
        "x": "oni",
        "y": "beuti",
        "text": "0.02",
        "font": {
          "color": "black",
          "size": 10
        },
        "showarrow": false
      },
      {
        "x": "pdo",
        "y": "beuti",
        "text": "0.08",
        "font": {
          "color": "black",
          "size": 10
        },
        "showarrow": false
      },
      {
        "x": "discharge",
        "y": "beuti",
        "text": "-0.06",
        "font": {
          "color": "black",
          "size": 10
        },
        "showarrow": false
      },
      {
        "x": "da",
        "y": "beuti",
        "text": "0.04",
        "font": {
          "color": "black",
          "size": 10
        },
        "showarrow": false
      },
      {
        "x": "pn",
        "y": "beuti",
        "text": "0.08",
        "font": {
          "color": "black",
          "size": 10
        },
        "showarrow": false
      },
      {
        "x": "beuti",
        "y": "beuti",
        "text": "1.00",
        "font": {
          "color": "white",
          "size": 10
        },
        "showarrow": false
      },
      {
        "x": "chla-anom",
        "y": "beuti",
        "text": "0.00",
        "font": {
          "color": "black",
          "size": 10
        },
        "showarrow": false
      },
      {
        "x": "modis-chla",
        "y": "beuti",
        "text": "0.10",
        "font": {
          "color": "black",
          "size": 10
        },
        "showarrow": false
      },
      {
        "x": "modis-flr",
        "y": "beuti",
        "text": "0.05",
        "font": {
          "color": "black",
          "size": 10
        },
        "showarrow": false
      },
      {
        "x": "modis-k490",
        "y": "beuti",
        "text": "0.08",
        "font": {
          "color": "black",
          "size": 10
        },
        "showarrow": false
      },
      {
        "x": "modis-par",
        "y": "beuti",
        "text": "0.15",
        "font": {
          "color": "black",
          "size": 10
        },
        "showarrow": false
      },
      {
        "x": "modis-sst",
        "y": "beuti",
        "text": "0.19",
        "font": {
          "color": "black",
          "size": 10
        },
        "showarrow": false
      },
      {
        "x": "sst-anom",
        "y": "beuti",
        "text": "0.02",
        "font": {
          "color": "black",
          "size": 10
        },
        "showarrow": false
      },
      {
        "x": "oni",
        "y": "chla-anom",
        "text": "0.01",
        "font": {
          "color": "black",
          "size": 10
        },
        "showarrow": false
      },
      {
        "x": "pdo",
        "y": "chla-anom",
        "text": "0.01",
        "font": {
          "color": "black",
          "size": 10
        },
        "showarrow": false
      },
      {
        "x": "discharge",
        "y": "chla-anom",
        "text": "-0.07",
        "font": {
          "color": "black",
          "size": 10
        },
        "showarrow": false
      },
      {
        "x": "da",
        "y": "chla-anom",
        "text": "-0.02",
        "font": {
          "color": "black",
          "size": 10
        },
        "showarrow": false
      },
      {
        "x": "pn",
        "y": "chla-anom",
        "text": "0.04",
        "font": {
          "color": "black",
          "size": 10
        },
        "showarrow": false
      },
      {
        "x": "beuti",
        "y": "chla-anom",
        "text": "0.00",
        "font": {
          "color": "black",
          "size": 10
        },
        "showarrow": false
      },
      {
        "x": "chla-anom",
        "y": "chla-anom",
        "text": "1.00",
        "font": {
          "color": "white",
          "size": 10
        },
        "showarrow": false
      },
      {
        "x": "modis-chla",
        "y": "chla-anom",
        "text": "0.09",
        "font": {
          "color": "black",
          "size": 10
        },
        "showarrow": false
      },
      {
        "x": "modis-flr",
        "y": "chla-anom",
        "text": "-0.04",
        "font": {
          "color": "black",
          "size": 10
        },
        "showarrow": false
      },
      {
        "x": "modis-k490",
        "y": "chla-anom",
        "text": "0.02",
        "font": {
          "color": "black",
          "size": 10
        },
        "showarrow": false
      },
      {
        "x": "modis-par",
        "y": "chla-anom",
        "text": "0.05",
        "font": {
          "color": "black",
          "size": 10
        },
        "showarrow": false
      },
      {
        "x": "modis-sst",
        "y": "chla-anom",
        "text": "0.03",
        "font": {
          "color": "black",
          "size": 10
        },
        "showarrow": false
      },
      {
        "x": "sst-anom",
        "y": "chla-anom",
        "text": "-0.06",
        "font": {
          "color": "black",
          "size": 10
        },
        "showarrow": false
      },
      {
        "x": "oni",
        "y": "modis-chla",
        "text": "-0.00",
        "font": {
          "color": "black",
          "size": 10
        },
        "showarrow": false
      },
      {
        "x": "pdo",
        "y": "modis-chla",
        "text": "0.10",
        "font": {
          "color": "black",
          "size": 10
        },
        "showarrow": false
      },
      {
        "x": "discharge",
        "y": "modis-chla",
        "text": "-0.23",
        "font": {
          "color": "black",
          "size": 10
        },
        "showarrow": false
      },
      {
        "x": "da",
        "y": "modis-chla",
        "text": "-0.05",
        "font": {
          "color": "black",
          "size": 10
        },
        "showarrow": false
      },
      {
        "x": "pn",
        "y": "modis-chla",
        "text": "0.22",
        "font": {
          "color": "black",
          "size": 10
        },
        "showarrow": false
      },
      {
        "x": "beuti",
        "y": "modis-chla",
        "text": "0.10",
        "font": {
          "color": "black",
          "size": 10
        },
        "showarrow": false
      },
      {
        "x": "chla-anom",
        "y": "modis-chla",
        "text": "0.09",
        "font": {
          "color": "black",
          "size": 10
        },
        "showarrow": false
      },
      {
        "x": "modis-chla",
        "y": "modis-chla",
        "text": "1.00",
        "font": {
          "color": "white",
          "size": 10
        },
        "showarrow": false
      },
      {
        "x": "modis-flr",
        "y": "modis-chla",
        "text": "0.17",
        "font": {
          "color": "black",
          "size": 10
        },
        "showarrow": false
      },
      {
        "x": "modis-k490",
        "y": "modis-chla",
        "text": "0.65",
        "font": {
          "color": "black",
          "size": 10
        },
        "showarrow": false
      },
      {
        "x": "modis-par",
        "y": "modis-chla",
        "text": "0.39",
        "font": {
          "color": "black",
          "size": 10
        },
        "showarrow": false
      },
      {
        "x": "modis-sst",
        "y": "modis-chla",
        "text": "0.40",
        "font": {
          "color": "black",
          "size": 10
        },
        "showarrow": false
      },
      {
        "x": "sst-anom",
        "y": "modis-chla",
        "text": "0.05",
        "font": {
          "color": "black",
          "size": 10
        },
        "showarrow": false
      },
      {
        "x": "oni",
        "y": "modis-flr",
        "text": "0.03",
        "font": {
          "color": "black",
          "size": 10
        },
        "showarrow": false
      },
      {
        "x": "pdo",
        "y": "modis-flr",
        "text": "-0.08",
        "font": {
          "color": "black",
          "size": 10
        },
        "showarrow": false
      },
      {
        "x": "discharge",
        "y": "modis-flr",
        "text": "-0.23",
        "font": {
          "color": "black",
          "size": 10
        },
        "showarrow": false
      },
      {
        "x": "da",
        "y": "modis-flr",
        "text": "0.16",
        "font": {
          "color": "black",
          "size": 10
        },
        "showarrow": false
      },
      {
        "x": "pn",
        "y": "modis-flr",
        "text": "0.37",
        "font": {
          "color": "black",
          "size": 10
        },
        "showarrow": false
      },
      {
        "x": "beuti",
        "y": "modis-flr",
        "text": "0.05",
        "font": {
          "color": "black",
          "size": 10
        },
        "showarrow": false
      },
      {
        "x": "chla-anom",
        "y": "modis-flr",
        "text": "-0.04",
        "font": {
          "color": "black",
          "size": 10
        },
        "showarrow": false
      },
      {
        "x": "modis-chla",
        "y": "modis-flr",
        "text": "0.17",
        "font": {
          "color": "black",
          "size": 10
        },
        "showarrow": false
      },
      {
        "x": "modis-flr",
        "y": "modis-flr",
        "text": "1.00",
        "font": {
          "color": "white",
          "size": 10
        },
        "showarrow": false
      },
      {
        "x": "modis-k490",
        "y": "modis-flr",
        "text": "0.32",
        "font": {
          "color": "black",
          "size": 10
        },
        "showarrow": false
      },
      {
        "x": "modis-par",
        "y": "modis-flr",
        "text": "0.11",
        "font": {
          "color": "black",
          "size": 10
        },
        "showarrow": false
      },
      {
        "x": "modis-sst",
        "y": "modis-flr",
        "text": "0.14",
        "font": {
          "color": "black",
          "size": 10
        },
        "showarrow": false
      },
      {
        "x": "sst-anom",
        "y": "modis-flr",
        "text": "0.04",
        "font": {
          "color": "black",
          "size": 10
        },
        "showarrow": false
      },
      {
        "x": "oni",
        "y": "modis-k490",
        "text": "0.04",
        "font": {
          "color": "black",
          "size": 10
        },
        "showarrow": false
      },
      {
        "x": "pdo",
        "y": "modis-k490",
        "text": "0.02",
        "font": {
          "color": "black",
          "size": 10
        },
        "showarrow": false
      },
      {
        "x": "discharge",
        "y": "modis-k490",
        "text": "-0.21",
        "font": {
          "color": "black",
          "size": 10
        },
        "showarrow": false
      },
      {
        "x": "da",
        "y": "modis-k490",
        "text": "-0.01",
        "font": {
          "color": "black",
          "size": 10
        },
        "showarrow": false
      },
      {
        "x": "pn",
        "y": "modis-k490",
        "text": "0.37",
        "font": {
          "color": "black",
          "size": 10
        },
        "showarrow": false
      },
      {
        "x": "beuti",
        "y": "modis-k490",
        "text": "0.08",
        "font": {
          "color": "black",
          "size": 10
        },
        "showarrow": false
      },
      {
        "x": "chla-anom",
        "y": "modis-k490",
        "text": "0.02",
        "font": {
          "color": "black",
          "size": 10
        },
        "showarrow": false
      },
      {
        "x": "modis-chla",
        "y": "modis-k490",
        "text": "0.65",
        "font": {
          "color": "black",
          "size": 10
        },
        "showarrow": false
      },
      {
        "x": "modis-flr",
        "y": "modis-k490",
        "text": "0.32",
        "font": {
          "color": "black",
          "size": 10
        },
        "showarrow": false
      },
      {
        "x": "modis-k490",
        "y": "modis-k490",
        "text": "1.00",
        "font": {
          "color": "white",
          "size": 10
        },
        "showarrow": false
      },
      {
        "x": "modis-par",
        "y": "modis-k490",
        "text": "0.50",
        "font": {
          "color": "black",
          "size": 10
        },
        "showarrow": false
      },
      {
        "x": "modis-sst",
        "y": "modis-k490",
        "text": "0.33",
        "font": {
          "color": "black",
          "size": 10
        },
        "showarrow": false
      },
      {
        "x": "sst-anom",
        "y": "modis-k490",
        "text": "0.08",
        "font": {
          "color": "black",
          "size": 10
        },
        "showarrow": false
      },
      {
        "x": "oni",
        "y": "modis-par",
        "text": "0.03",
        "font": {
          "color": "black",
          "size": 10
        },
        "showarrow": false
      },
      {
        "x": "pdo",
        "y": "modis-par",
        "text": "0.10",
        "font": {
          "color": "black",
          "size": 10
        },
        "showarrow": false
      },
      {
        "x": "discharge",
        "y": "modis-par",
        "text": "-0.04",
        "font": {
          "color": "black",
          "size": 10
        },
        "showarrow": false
      },
      {
        "x": "da",
        "y": "modis-par",
        "text": "-0.11",
        "font": {
          "color": "black",
          "size": 10
        },
        "showarrow": false
      },
      {
        "x": "pn",
        "y": "modis-par",
        "text": "0.34",
        "font": {
          "color": "black",
          "size": 10
        },
        "showarrow": false
      },
      {
        "x": "beuti",
        "y": "modis-par",
        "text": "0.15",
        "font": {
          "color": "black",
          "size": 10
        },
        "showarrow": false
      },
      {
        "x": "chla-anom",
        "y": "modis-par",
        "text": "0.05",
        "font": {
          "color": "black",
          "size": 10
        },
        "showarrow": false
      },
      {
        "x": "modis-chla",
        "y": "modis-par",
        "text": "0.39",
        "font": {
          "color": "black",
          "size": 10
        },
        "showarrow": false
      },
      {
        "x": "modis-flr",
        "y": "modis-par",
        "text": "0.11",
        "font": {
          "color": "black",
          "size": 10
        },
        "showarrow": false
      },
      {
        "x": "modis-k490",
        "y": "modis-par",
        "text": "0.50",
        "font": {
          "color": "black",
          "size": 10
        },
        "showarrow": false
      },
      {
        "x": "modis-par",
        "y": "modis-par",
        "text": "1.00",
        "font": {
          "color": "white",
          "size": 10
        },
        "showarrow": false
      },
      {
        "x": "modis-sst",
        "y": "modis-par",
        "text": "0.48",
        "font": {
          "color": "black",
          "size": 10
        },
        "showarrow": false
      },
      {
        "x": "sst-anom",
        "y": "modis-par",
        "text": "-0.07",
        "font": {
          "color": "black",
          "size": 10
        },
        "showarrow": false
      },
      {
        "x": "oni",
        "y": "modis-sst",
        "text": "0.15",
        "font": {
          "color": "black",
          "size": 10
        },
        "showarrow": false
      },
      {
        "x": "pdo",
        "y": "modis-sst",
        "text": "0.22",
        "font": {
          "color": "black",
          "size": 10
        },
        "showarrow": false
      },
      {
        "x": "discharge",
        "y": "modis-sst",
        "text": "-0.23",
        "font": {
          "color": "black",
          "size": 10
        },
        "showarrow": false
      },
      {
        "x": "da",
        "y": "modis-sst",
        "text": "-0.07",
        "font": {
          "color": "black",
          "size": 10
        },
        "showarrow": false
      },
      {
        "x": "pn",
        "y": "modis-sst",
        "text": "0.27",
        "font": {
          "color": "black",
          "size": 10
        },
        "showarrow": false
      },
      {
        "x": "beuti",
        "y": "modis-sst",
        "text": "0.19",
        "font": {
          "color": "black",
          "size": 10
        },
        "showarrow": false
      },
      {
        "x": "chla-anom",
        "y": "modis-sst",
        "text": "0.03",
        "font": {
          "color": "black",
          "size": 10
        },
        "showarrow": false
      },
      {
        "x": "modis-chla",
        "y": "modis-sst",
        "text": "0.40",
        "font": {
          "color": "black",
          "size": 10
        },
        "showarrow": false
      },
      {
        "x": "modis-flr",
        "y": "modis-sst",
        "text": "0.14",
        "font": {
          "color": "black",
          "size": 10
        },
        "showarrow": false
      },
      {
        "x": "modis-k490",
        "y": "modis-sst",
        "text": "0.33",
        "font": {
          "color": "black",
          "size": 10
        },
        "showarrow": false
      },
      {
        "x": "modis-par",
        "y": "modis-sst",
        "text": "0.48",
        "font": {
          "color": "black",
          "size": 10
        },
        "showarrow": false
      },
      {
        "x": "modis-sst",
        "y": "modis-sst",
        "text": "1.00",
        "font": {
          "color": "white",
          "size": 10
        },
        "showarrow": false
      },
      {
        "x": "sst-anom",
        "y": "modis-sst",
        "text": "0.09",
        "font": {
          "color": "black",
          "size": 10
        },
        "showarrow": false
      },
      {
        "x": "oni",
        "y": "sst-anom",
        "text": "0.33",
        "font": {
          "color": "black",
          "size": 10
        },
        "showarrow": false
      },
      {
        "x": "pdo",
        "y": "sst-anom",
        "text": "0.48",
        "font": {
          "color": "black",
          "size": 10
        },
        "showarrow": false
      },
      {
        "x": "discharge",
        "y": "sst-anom",
        "text": "-0.07",
        "font": {
          "color": "black",
          "size": 10
        },
        "showarrow": false
      },
      {
        "x": "da",
        "y": "sst-anom",
        "text": "0.11",
        "font": {
          "color": "black",
          "size": 10
        },
        "showarrow": false
      },
      {
        "x": "pn",
        "y": "sst-anom",
        "text": "-0.10",
        "font": {
          "color": "black",
          "size": 10
        },
        "showarrow": false
      },
      {
        "x": "beuti",
        "y": "sst-anom",
        "text": "0.02",
        "font": {
          "color": "black",
          "size": 10
        },
        "showarrow": false
      },
      {
        "x": "chla-anom",
        "y": "sst-anom",
        "text": "-0.06",
        "font": {
          "color": "black",
          "size": 10
        },
        "showarrow": false
      },
      {
        "x": "modis-chla",
        "y": "sst-anom",
        "text": "0.05",
        "font": {
          "color": "black",
          "size": 10
        },
        "showarrow": false
      },
      {
        "x": "modis-flr",
        "y": "sst-anom",
        "text": "0.04",
        "font": {
          "color": "black",
          "size": 10
        },
        "showarrow": false
      },
      {
        "x": "modis-k490",
        "y": "sst-anom",
        "text": "0.08",
        "font": {
          "color": "black",
          "size": 10
        },
        "showarrow": false
      },
      {
        "x": "modis-par",
        "y": "sst-anom",
        "text": "-0.07",
        "font": {
          "color": "black",
          "size": 10
        },
        "showarrow": false
      },
      {
        "x": "modis-sst",
        "y": "sst-anom",
        "text": "0.09",
        "font": {
          "color": "black",
          "size": 10
        },
        "showarrow": false
      },
      {
        "x": "sst-anom",
        "y": "sst-anom",
        "text": "1.00",
        "font": {
          "color": "white",
          "size": 10
        },
        "showarrow": false
      }
    ],
    "margin": {
      "l": 150,
      "r": 150,
      "t": 100,
      "b": 150
    }
  }
}