{
  "data": [
    {
      "type": "heatmap",
      "z": [
        [
          1.0,
          0.5264685890643487,
          -0.11594426546964315,
          0.1762642827872088,
          -0.0018084106663283116,
          0.02142627310800012,
          0.0589564367506404,
          -0.009238621413007594,
          0.05164836139135659,
          0.0356317841257374,
          0.03760207722936694,
          0.12331673120879419,
          0.29849965522399435
        ],
        [
          0.5264685890643487,
          1.0,
          0.027151333890868993,
          0.1994700295385398,
          0.075179686584335,
          0.0983113302881877,
          0.11018046519505845,
          0.07639466581837144,
          -0.06245726384608594,
          0.0035024622953268676,
          0.10900052637020807,
          0.1826986575756968,
          0.43050318022012235
        ],
        [
          -0.11594426546964315,
          0.027151333890868993,
          1.0,
          -0.10652851965141052,
          -0.06370204786013413,
          -0.04128374010591272,
          0.0010633820239029526,
          -0.17938091900475925,
          -0.09768528490196045,
          -0.15447252619813073,
          -0.02875945892786915,
          -0.23354708343814587,
          -0.0652581298039548
        ],
        [
          0.1762642827872088,
          0.1994700295385398,
          -0.10652851965141052,
          1.0,
          0.11269453328559047,
          0.08837823219839835,
          0.05396468153051207,
          -0.00037280367509711927,
          0.14837195755207014,
          0.027993586957860028,
          0.06394566921516538,
          0.07357232646160643,
          0.13509647132966165
        ],
        [
          -0.0018084106663283116,
          0.075179686584335,
          -0.06370204786013413,
          0.11269453328559047,
          1.0,
          0.03850101413359918,
          0.06010641135722068,
          0.0791927875502869,
          -0.08177104763646396,
          0.0348293005788638,
          0.07647709543320522,
          0.08882706381837094,
          0.046395461445289554
        ],
        [
          0.02142627310800012,
          0.0983113302881877,
          -0.04128374010591272,
          0.08837823219839835,
          0.03850101413359918,
          1.0,
          -0.07716489225838065,
          0.09980146106094157,
          0.043666357109260985,
          0.07776477796967757,
          0.16344759929687813,
          0.24550966473112182,
          0.030952343102910795
        ],
        [
          0.0589564367506404,
          0.11018046519505845,
          0.0010633820239029526,
          0.05396468153051207,
          0.06010641135722068,
          -0.07716489225838065,
          1.0,
          -0.0003438326151748628,
          -0.09454544634865343,
          -0.06746322249468974,
          0.0649699043191521,
          -0.0693307388915668,
          -0.17395824572810223
        ],
        [
          -0.009238621413007594,
          0.07639466581837144,
          -0.17938091900475925,
          -0.00037280367509711927,
          0.0791927875502869,
          0.09980146106094157,
          -0.0003438326151748628,
          1.0,
          -0.04605803373627439,
          0.6022940329661645,
          0.21348313543199526,
          0.26513263700718676,
          -0.02338256128374661
        ],
        [
          0.05164836139135659,
          -0.06245726384608594,
          -0.09768528490196045,
          0.14837195755207014,
          -0.08177104763646396,
          0.043666357109260985,
          -0.09454544634865343,
          -0.04605803373627439,
          1.0,
          0.00047493664141035785,
          -0.14517637459808594,
          -0.025103354299129844,
          0.0775405505784414
        ],
        [
          0.0356317841257374,
          0.0035024622953268676,
          -0.15447252619813073,
          0.027993586957860028,
          0.0348293005788638,
          0.07776477796967757,
          -0.06746322249468974,
          0.6022940329661645,
          0.00047493664141035785,
          1.0,
          0.2746567871822687,
          0.1993283521859067,
          0.054025695400305
        ],
        [
          0.03760207722936694,
          0.10900052637020807,
          -0.02875945892786915,
          0.06394566921516538,
          0.07647709543320522,
          0.16344759929687813,
          0.0649699043191521,
          0.21348313543199526,
          -0.14517637459808594,
          0.2746567871822687,
          1.0,
          0.449139587304328,
          -0.11357698296612984
        ],
        [
          0.12331673120879419,
          0.1826986575756968,
          -0.23354708343814587,
          0.07357232646160643,
          0.08882706381837094,
          0.24550966473112182,
          -0.0693307388915668,
          0.26513263700718676,
          -0.025103354299129844,
          0.1993283521859067,
          0.449139587304328,
          1.0,
          0.010785046695863446
        ],
        [
          0.29849965522399435,
          0.43050318022012235,
          -0.0652581298039548,
          0.13509647132966165,
          0.046395461445289554,
          0.030952343102910795,
          -0.17395824572810223,
          -0.02338256128374661,
          0.0775405505784414,
          0.054025695400305,
          -0.11357698296612984,
          0.010785046695863446,
          1.0
        ]
      ],
      "x": [
        "oni",
        "pdo",
        "discharge",
        "da",
        "pn",
        "beuti",
        "chla-anom",
        "modis-chla",
        "modis-flr",
        "modis-k490",
        "modis-par",
        "modis-sst",
        "sst-anom"
      ],
      "y": [
        "oni",
        "pdo",
        "discharge",
        "da",
        "pn",
        "beuti",
        "chla-anom",
        "modis-chla",
        "modis-flr",
        "modis-k490",
        "modis-par",
        "modis-sst",
        "sst-anom"
      ],
      "colorscale": [
        [
          0.0,
          "rgb(178, 24, 43)"
        ],
        [
          0.25,
          "rgb(239, 138, 98)"
        ],
        [
          0.5,
          "rgb(255, 255, 255)"
        ],
        [
          0.75,
          "rgb(103, 169, 207)"
        ],
        [
          1.0,
          "rgb(33, 102, 172)"
        ]
      ],
      "zmid": 0,
      "zmin": -1,
      "zmax": 1,
      "colorbar": {
        "title": "Correlation (r)",
        "titleside": "right",
        "tickmode": "linear",
        "tick0": -1,
        "dtick": 0.5
      }
    }
  ],
  "layout": {
    "title": {
      "text": "Correlation Heatmap - Quinault",
      "font": {
        "size": 20
      }
    },
    "height": 600,
    "width": 800,
    "xaxis": {
      "side": "bottom",
      "tickangle": -45,
      "tickfont": {
        "size": 12
      }
    },
    "yaxis": {
      "side": "left",
      "tickfont": {
        "size": 12
      }
    },
    "annotations": [
      {
        "x": "oni",
        "y": "oni",
        "text": "1.00",
        "font": {
          "color": "white",
          "size": 10
        },
        "showarrow": false
      },
      {
        "x": "pdo",
        "y": "oni",
        "text": "0.53",
        "font": {
          "color": "black",
          "size": 10
        },
        "showarrow": false
      },
      {
        "x": "discharge",
        "y": "oni",
        "text": "-0.12",
        "font": {
          "color": "black",
          "size": 10
        },
        "showarrow": false
      },
      {
        "x": "da",
        "y": "oni",
        "text": "0.18",
        "font": {
          "color": "black",
          "size": 10
        },
        "showarrow": false
      },
      {
        "x": "pn",
        "y": "oni",
        "text": "-0.00",
        "font": {
          "color": "black",
          "size": 10
        },
        "showarrow": false
      },
      {
        "x": "beuti",
        "y": "oni",
        "text": "0.02",
        "font": {
          "color": "black",
          "size": 10
        },
        "showarrow": false
      },
      {
        "x": "chla-anom",
        "y": "oni",
        "text": "0.06",
        "font": {
          "color": "black",
          "size": 10
        },
        "showarrow": false
      },
      {
        "x": "modis-chla",
        "y": "oni",
        "text": "-0.01",
        "font": {
          "color": "black",
          "size": 10
        },
        "showarrow": false
      },
      {
        "x": "modis-flr",
        "y": "oni",
        "text": "0.05",
        "font": {
          "color": "black",
          "size": 10
        },
        "showarrow": false
      },
      {
        "x": "modis-k490",
        "y": "oni",
        "text": "0.04",
        "font": {
          "color": "black",
          "size": 10
        },
        "showarrow": false
      },
      {
        "x": "modis-par",
        "y": "oni",
        "text": "0.04",
        "font": {
          "color": "black",
          "size": 10
        },
        "showarrow": false
      },
      {
        "x": "modis-sst",
        "y": "oni",
        "text": "0.12",
        "font": {
          "color": "black",
          "size": 10
        },
        "showarrow": false
      },
      {
        "x": "sst-anom",
        "y": "oni",
        "text": "0.30",
        "font": {
          "color": "black",
          "size": 10
        },
        "showarrow": false
      },
      {
        "x": "oni",
        "y": "pdo",
        "text": "0.53",
        "font": {
          "color": "black",
          "size": 10
        },
        "showarrow": false
      },
      {
        "x": "pdo",
        "y": "pdo",
        "text": "1.00",
        "font": {
          "color": "white",
          "size": 10
        },
        "showarrow": false
      },
      {
        "x": "discharge",
        "y": "pdo",
        "text": "0.03",
        "font": {
          "color": "black",
          "size": 10
        },
        "showarrow": false
      },
      {
        "x": "da",
        "y": "pdo",
        "text": "0.20",
        "font": {
          "color": "black",
          "size": 10
        },
        "showarrow": false
      },
      {
        "x": "pn",
        "y": "pdo",
        "text": "0.08",
        "font": {
          "color": "black",
          "size": 10
        },
        "showarrow": false
      },
      {
        "x": "beuti",
        "y": "pdo",
        "text": "0.10",
        "font": {
          "color": "black",
          "size": 10
        },
        "showarrow": false
      },
      {
        "x": "chla-anom",
        "y": "pdo",
        "text": "0.11",
        "font": {
          "color": "black",
          "size": 10
        },
        "showarrow": false
      },
      {
        "x": "modis-chla",
        "y": "pdo",
        "text": "0.08",
        "font": {
          "color": "black",
          "size": 10
        },
        "showarrow": false
      },
      {
        "x": "modis-flr",
        "y": "pdo",
        "text": "-0.06",
        "font": {
          "color": "black",
          "size": 10
        },
        "showarrow": false
      },
      {
        "x": "modis-k490",
        "y": "pdo",
        "text": "0.00",
        "font": {
          "color": "black",
          "size": 10
        },
        "showarrow": false
      },
      {
        "x": "modis-par",
        "y": "pdo",
        "text": "0.11",
        "font": {
          "color": "black",
          "size": 10
        },
        "showarrow": false
      },
      {
        "x": "modis-sst",
        "y": "pdo",
        "text": "0.18",
        "font": {
          "color": "black",
          "size": 10
        },
        "showarrow": false
      },
      {
        "x": "sst-anom",
        "y": "pdo",
        "text": "0.43",
        "font": {
          "color": "black",
          "size": 10
        },
        "showarrow": false
      },
      {
        "x": "oni",
        "y": "discharge",
        "text": "-0.12",
        "font": {
          "color": "black",
          "size": 10
        },
        "showarrow": false
      },
      {
        "x": "pdo",
        "y": "discharge",
        "text": "0.03",
        "font": {
          "color": "black",
          "size": 10
        },
        "showarrow": false
      },
      {
        "x": "discharge",
        "y": "discharge",
        "text": "1.00",
        "font": {
          "color": "white",
          "size": 10
        },
        "showarrow": false
      },
      {
        "x": "da",
        "y": "discharge",
        "text": "-0.11",
        "font": {
          "color": "black",
          "size": 10
        },
        "showarrow": false
      },
      {
        "x": "pn",
        "y": "discharge",
        "text": "-0.06",
        "font": {
          "color": "black",
          "size": 10
        },
        "showarrow": false
      },
      {
        "x": "beuti",
        "y": "discharge",
        "text": "-0.04",
        "font": {
          "color": "black",
          "size": 10
        },
        "showarrow": false
      },
      {
        "x": "chla-anom",
        "y": "discharge",
        "text": "0.00",
        "font": {
          "color": "black",
          "size": 10
        },
        "showarrow": false
      },
      {
        "x": "modis-chla",
        "y": "discharge",
        "text": "-0.18",
        "font": {
          "color": "black",
          "size": 10
        },
        "showarrow": false
      },
      {
        "x": "modis-flr",
        "y": "discharge",
        "text": "-0.10",
        "font": {
          "color": "black",
          "size": 10
        },
        "showarrow": false
      },
      {
        "x": "modis-k490",
        "y": "discharge",
        "text": "-0.15",
        "font": {
          "color": "black",
          "size": 10
        },
        "showarrow": false
      },
      {
        "x": "modis-par",
        "y": "discharge",
        "text": "-0.03",
        "font": {
          "color": "black",
          "size": 10
        },
        "showarrow": false
      },
      {
        "x": "modis-sst",
        "y": "discharge",
        "text": "-0.23",
        "font": {
          "color": "black",
          "size": 10
        },
        "showarrow": false
      },
      {
        "x": "sst-anom",
        "y": "discharge",
        "text": "-0.07",
        "font": {
          "color": "black",
          "size": 10
        },
        "showarrow": false
      },
      {
        "x": "oni",
        "y": "da",
        "text": "0.18",
        "font": {
          "color": "black",
          "size": 10
        },
        "showarrow": false
      },
      {
        "x": "pdo",
        "y": "da",
        "text": "0.20",
        "font": {
          "color": "black",
          "size": 10
        },
        "showarrow": false
      },
      {
        "x": "discharge",
        "y": "da",
        "text": "-0.11",
        "font": {
          "color": "black",
          "size": 10
        },
        "showarrow": false
      },
      {
        "x": "da",
        "y": "da",
        "text": "1.00",
        "font": {
          "color": "white",
          "size": 10
        },
        "showarrow": false
      },
      {
        "x": "pn",
        "y": "da",
        "text": "0.11",
        "font": {
          "color": "black",
          "size": 10
        },
        "showarrow": false
      },
      {
        "x": "beuti",
        "y": "da",
        "text": "0.09",
        "font": {
          "color": "black",
          "size": 10
        },
        "showarrow": false
      },
      {
        "x": "chla-anom",
        "y": "da",
        "text": "0.05",
        "font": {
          "color": "black",
          "size": 10
        },
        "showarrow": false
      },
      {
        "x": "modis-chla",
        "y": "da",
        "text": "-0.00",
        "font": {
          "color": "black",
          "size": 10
        },
        "showarrow": false
      },
      {
        "x": "modis-flr",
        "y": "da",
        "text": "0.15",
        "font": {
          "color": "black",
          "size": 10
        },
        "showarrow": false
      },
      {
        "x": "modis-k490",
        "y": "da",
        "text": "0.03",
        "font": {
          "color": "black",
          "size": 10
        },
        "showarrow": false
      },
      {
        "x": "modis-par",
        "y": "da",
        "text": "0.06",
        "font": {
          "color": "black",
          "size": 10
        },
        "showarrow": false
      },
      {
        "x": "modis-sst",
        "y": "da",
        "text": "0.07",
        "font": {
          "color": "black",
          "size": 10
        },
        "showarrow": false
      },
      {
        "x": "sst-anom",
        "y": "da",
        "text": "0.14",
        "font": {
          "color": "black",
          "size": 10
        },
        "showarrow": false
      },
      {
        "x": "oni",
        "y": "pn",
        "text": "-0.00",
        "font": {
          "color": "black",
          "size": 10
        },
        "showarrow": false
      },
      {
        "x": "pdo",
        "y": "pn",
        "text": "0.08",
        "font": {
          "color": "black",
          "size": 10
        },
        "showarrow": false
      },
      {
        "x": "discharge",
        "y": "pn",
        "text": "-0.06",
        "font": {
          "color": "black",
          "size": 10
        },
        "showarrow": false
      },
      {
        "x": "da",
        "y": "pn",
        "text": "0.11",
        "font": {
          "color": "black",
          "size": 10
        },
        "showarrow": false
      },
      {
        "x": "pn",
        "y": "pn",
        "text": "1.00",
        "font": {
          "color": "white",
          "size": 10
        },
        "showarrow": false
      },
      {
        "x": "beuti",
        "y": "pn",
        "text": "0.04",
        "font": {
          "color": "black",
          "size": 10
        },
        "showarrow": false
      },
      {
        "x": "chla-anom",
        "y": "pn",
        "text": "0.06",
        "font": {
          "color": "black",
          "size": 10
        },
        "showarrow": false
      },
      {
        "x": "modis-chla",
        "y": "pn",
        "text": "0.08",
        "font": {
          "color": "black",
          "size": 10
        },
        "showarrow": false
      },
      {
        "x": "modis-flr",
        "y": "pn",
        "text": "-0.08",
        "font": {
          "color": "black",
          "size": 10
        },
        "showarrow": false
      },
      {
        "x": "modis-k490",
        "y": "pn",
        "text": "0.03",
        "font": {
          "color": "black",
          "size": 10
        },
        "showarrow": false
      },
      {
        "x": "modis-par",
        "y": "pn",
        "text": "0.08",
        "font": {
          "color": "black",
          "size": 10
        },
        "showarrow": false
      },
      {
        "x": "modis-sst",
        "y": "pn",
        "text": "0.09",
        "font": {
          "color": "black",
          "size": 10
        },
        "showarrow": false
      },
      {
        "x": "sst-anom",
        "y": "pn",
        "text": "0.05",
        "font": {
          "color": "black",
          "size": 10
        },
        "showarrow": false
      },
      {
        "x": "oni",
        "y": "beuti",
        "text": "0.02",
        "font": {
          "color": "black",
          "size": 10
        },
        "showarrow": false
      },
      {
        "x": "pdo",
        "y": "beuti",
        "text": "0.10",
        "font": {
          "color": "black",
          "size": 10
        },
        "showarrow": false
      },
      {
        "x": "discharge",
        "y": "beuti",
        "text": "-0.04",
        "font": {
          "color": "black",
          "size": 10
        },
        "showarrow": false
      },
      {
        "x": "da",
        "y": "beuti",
        "text": "0.09",
        "font": {
          "color": "black",
          "size": 10
        },
        "showarrow": false
      },
      {
        "x": "pn",
        "y": "beuti",
        "text": "0.04",
        "font": {
          "color": "black",
          "size": 10
        },
        "showarrow": false
      },
      {
        "x": "beuti",
        "y": "beuti",
        "text": "1.00",
        "font": {
          "color": "white",
          "size": 10
        },
        "showarrow": false
      },
      {
        "x": "chla-anom",
        "y": "beuti",
        "text": "-0.08",
        "font": {
          "color": "black",
          "size": 10
        },
        "showarrow": false
      },
      {
        "x": "modis-chla",
        "y": "beuti",
        "text": "0.10",
        "font": {
          "color": "black",
          "size": 10
        },
        "showarrow": false
      },
      {
        "x": "modis-flr",
        "y": "beuti",
        "text": "0.04",
        "font": {
          "color": "black",
          "size": 10
        },
        "showarrow": false
      },
      {
        "x": "modis-k490",
        "y": "beuti",
        "text": "0.08",
        "font": {
          "color": "black",
          "size": 10
        },
        "showarrow": false
      },
      {
        "x": "modis-par",
        "y": "beuti",
        "text": "0.16",
        "font": {
          "color": "black",
          "size": 10
        },
        "showarrow": false
      },
      {
        "x": "modis-sst",
        "y": "beuti",
        "text": "0.25",
        "font": {
          "color": "black",
          "size": 10
        },
        "showarrow": false
      },
      {
        "x": "sst-anom",
        "y": "beuti",
        "text": "0.03",
        "font": {
          "color": "black",
          "size": 10
        },
        "showarrow": false
      },
      {
        "x": "oni",
        "y": "chla-anom",
        "text": "0.06",
        "font": {
          "color": "black",
          "size": 10
        },
        "showarrow": false
      },
      {
        "x": "pdo",
        "y": "chla-anom",
        "text": "0.11",
        "font": {
          "color": "black",
          "size": 10
        },
        "showarrow": false
      },
      {
        "x": "discharge",
        "y": "chla-anom",
        "text": "0.00",
        "font": {
          "color": "black",
          "size": 10
        },
        "showarrow": false
      },
      {
        "x": "da",
        "y": "chla-anom",
        "text": "0.05",
        "font": {
          "color": "black",
          "size": 10
        },
        "showarrow": false
      },
      {
        "x": "pn",
        "y": "chla-anom",
        "text": "0.06",
        "font": {
          "color": "black",
          "size": 10
        },
        "showarrow": false
      },
      {
        "x": "beuti",
        "y": "chla-anom",
        "text": "-0.08",
        "font": {
          "color": "black",
          "size": 10
        },
        "showarrow": false
      },
      {
        "x": "chla-anom",
        "y": "chla-anom",
        "text": "1.00",
        "font": {
          "color": "white",
          "size": 10
        },
        "showarrow": false
      },
      {
        "x": "modis-chla",
        "y": "chla-anom",
        "text": "-0.00",
        "font": {
          "color": "black",
          "size": 10
        },
        "showarrow": false
      },
      {
        "x": "modis-flr",
        "y": "chla-anom",
        "text": "-0.09",
        "font": {
          "color": "black",
          "size": 10
        },
        "showarrow": false
      },
      {
        "x": "modis-k490",
        "y": "chla-anom",
        "text": "-0.07",
        "font": {
          "color": "black",
          "size": 10
        },
        "showarrow": false
      },
      {
        "x": "modis-par",
        "y": "chla-anom",
        "text": "0.06",
        "font": {
          "color": "black",
          "size": 10
        },
        "showarrow": false
      },
      {
        "x": "modis-sst",
        "y": "chla-anom",
        "text": "-0.07",
        "font": {
          "color": "black",
          "size": 10
        },
        "showarrow": false
      },
      {
        "x": "sst-anom",
        "y": "chla-anom",
        "text": "-0.17",
        "font": {
          "color": "black",
          "size": 10
        },
        "showarrow": false
      },
      {
        "x": "oni",
        "y": "modis-chla",
        "text": "-0.01",
        "font": {
          "color": "black",
          "size": 10
        },
        "showarrow": false
      },
      {
        "x": "pdo",
        "y": "modis-chla",
        "text": "0.08",
        "font": {
          "color": "black",
          "size": 10
        },
        "showarrow": false
      },
      {
        "x": "discharge",
        "y": "modis-chla",
        "text": "-0.18",
        "font": {
          "color": "black",
          "size": 10
        },
        "showarrow": false
      },
      {
        "x": "da",
        "y": "modis-chla",
        "text": "-0.00",
        "font": {
          "color": "black",
          "size": 10
        },
        "showarrow": false
      },
      {
        "x": "pn",
        "y": "modis-chla",
        "text": "0.08",
        "font": {
          "color": "black",
          "size": 10
        },
        "showarrow": false
      },
      {
        "x": "beuti",
        "y": "modis-chla",
        "text": "0.10",
        "font": {
          "color": "black",
          "size": 10
        },
        "showarrow": false
      },
      {
        "x": "chla-anom",
        "y": "modis-chla",
        "text": "-0.00",
        "font": {
          "color": "black",
          "size": 10
        },
        "showarrow": false
      },
      {
        "x": "modis-chla",
        "y": "modis-chla",
        "text": "1.00",
        "font": {
          "color": "white",
          "size": 10
        },
        "showarrow": false
      },
      {
        "x": "modis-flr",
        "y": "modis-chla",
        "text": "-0.05",
        "font": {
          "color": "black",
          "size": 10
        },
        "showarrow": false
      },
      {
        "x": "modis-k490",
        "y": "modis-chla",
        "text": "0.60",
        "font": {
          "color": "black",
          "size": 10
        },
        "showarrow": false
      },
      {
        "x": "modis-par",
        "y": "modis-chla",
        "text": "0.21",
        "font": {
          "color": "black",
          "size": 10
        },
        "showarrow": false
      },
      {
        "x": "modis-sst",
        "y": "modis-chla",
        "text": "0.27",
        "font": {
          "color": "black",
          "size": 10
        },
        "showarrow": false
      },
      {
        "x": "sst-anom",
        "y": "modis-chla",
        "text": "-0.02",
        "font": {
          "color": "black",
          "size": 10
        },
        "showarrow": false
      },
      {
        "x": "oni",
        "y": "modis-flr",
        "text": "0.05",
        "font": {
          "color": "black",
          "size": 10
        },
        "showarrow": false
      },
      {
        "x": "pdo",
        "y": "modis-flr",
        "text": "-0.06",
        "font": {
          "color": "black",
          "size": 10
        },
        "showarrow": false
      },
      {
        "x": "discharge",
        "y": "modis-flr",
        "text": "-0.10",
        "font": {
          "color": "black",
          "size": 10
        },
        "showarrow": false
      },
      {
        "x": "da",
        "y": "modis-flr",
        "text": "0.15",
        "font": {
          "color": "black",
          "size": 10
        },
        "showarrow": false
      },
      {
        "x": "pn",
        "y": "modis-flr",
        "text": "-0.08",
        "font": {
          "color": "black",
          "size": 10
        },
        "showarrow": false
      },
      {
        "x": "beuti",
        "y": "modis-flr",
        "text": "0.04",
        "font": {
          "color": "black",
          "size": 10
        },
        "showarrow": false
      },
      {
        "x": "chla-anom",
        "y": "modis-flr",
        "text": "-0.09",
        "font": {
          "color": "black",
          "size": 10
        },
        "showarrow": false
      },
      {
        "x": "modis-chla",
        "y": "modis-flr",
        "text": "-0.05",
        "font": {
          "color": "black",
          "size": 10
        },
        "showarrow": false
      },
      {
        "x": "modis-flr",
        "y": "modis-flr",
        "text": "1.00",
        "font": {
          "color": "white",
          "size": 10
        },
        "showarrow": false
      },
      {
        "x": "modis-k490",
        "y": "modis-flr",
        "text": "0.00",
        "font": {
          "color": "black",
          "size": 10
        },
        "showarrow": false
      },
      {
        "x": "modis-par",
        "y": "modis-flr",
        "text": "-0.15",
        "font": {
          "color": "black",
          "size": 10
        },
        "showarrow": false
      },
      {
        "x": "modis-sst",
        "y": "modis-flr",
        "text": "-0.03",
        "font": {
          "color": "black",
          "size": 10
        },
        "showarrow": false
      },
      {
        "x": "sst-anom",
        "y": "modis-flr",
        "text": "0.08",
        "font": {
          "color": "black",
          "size": 10
        },
        "showarrow": false
      },
      {
        "x": "oni",
        "y": "modis-k490",
        "text": "0.04",
        "font": {
          "color": "black",
          "size": 10
        },
        "showarrow": false
      },
      {
        "x": "pdo",
        "y": "modis-k490",
        "text": "0.00",
        "font": {
          "color": "black",
          "size": 10
        },
        "showarrow": false
      },
      {
        "x": "discharge",
        "y": "modis-k490",
        "text": "-0.15",
        "font": {
          "color": "black",
          "size": 10
        },
        "showarrow": false
      },
      {
        "x": "da",
        "y": "modis-k490",
        "text": "0.03",
        "font": {
          "color": "black",
          "size": 10
        },
        "showarrow": false
      },
      {
        "x": "pn",
        "y": "modis-k490",
        "text": "0.03",
        "font": {
          "color": "black",
          "size": 10
        },
        "showarrow": false
      },
      {
        "x": "beuti",
        "y": "modis-k490",
        "text": "0.08",
        "font": {
          "color": "black",
          "size": 10
        },
        "showarrow": false
      },
      {
        "x": "chla-anom",
        "y": "modis-k490",
        "text": "-0.07",
        "font": {
          "color": "black",
          "size": 10
        },
        "showarrow": false
      },
      {
        "x": "modis-chla",
        "y": "modis-k490",
        "text": "0.60",
        "font": {
          "color": "black",
          "size": 10
        },
        "showarrow": false
      },
      {
        "x": "modis-flr",
        "y": "modis-k490",
        "text": "0.00",
        "font": {
          "color": "black",
          "size": 10
        },
        "showarrow": false
      },
      {
        "x": "modis-k490",
        "y": "modis-k490",
        "text": "1.00",
        "font": {
          "color": "white",
          "size": 10
        },
        "showarrow": false
      },
      {
        "x": "modis-par",
        "y": "modis-k490",
        "text": "0.27",
        "font": {
          "color": "black",
          "size": 10
        },
        "showarrow": false
      },
      {
        "x": "modis-sst",
        "y": "modis-k490",
        "text": "0.20",
        "font": {
          "color": "black",
          "size": 10
        },
        "showarrow": false
      },
      {
        "x": "sst-anom",
        "y": "modis-k490",
        "text": "0.05",
        "font": {
          "color": "black",
          "size": 10
        },
        "showarrow": false
      },
      {
        "x": "oni",
        "y": "modis-par",
        "text": "0.04",
        "font": {
          "color": "black",
          "size": 10
        },
        "showarrow": false
      },
      {
        "x": "pdo",
        "y": "modis-par",
        "text": "0.11",
        "font": {
          "color": "black",
          "size": 10
        },
        "showarrow": false
      },
      {
        "x": "discharge",
        "y": "modis-par",
        "text": "-0.03",
        "font": {
          "color": "black",
          "size": 10
        },
        "showarrow": false
      },
      {
        "x": "da",
        "y": "modis-par",
        "text": "0.06",
        "font": {
          "color": "black",
          "size": 10
        },
        "showarrow": false
      },
      {
        "x": "pn",
        "y": "modis-par",
        "text": "0.08",
        "font": {
          "color": "black",
          "size": 10
        },
        "showarrow": false
      },
      {
        "x": "beuti",
        "y": "modis-par",
        "text": "0.16",
        "font": {
          "color": "black",
          "size": 10
        },
        "showarrow": false
      },
      {
        "x": "chla-anom",
        "y": "modis-par",
        "text": "0.06",
        "font": {
          "color": "black",
          "size": 10
        },
        "showarrow": false
      },
      {
        "x": "modis-chla",
        "y": "modis-par",
        "text": "0.21",
        "font": {
          "color": "black",
          "size": 10
        },
        "showarrow": false
      },
      {
        "x": "modis-flr",
        "y": "modis-par",
        "text": "-0.15",
        "font": {
          "color": "black",
          "size": 10
        },
        "showarrow": false
      },
      {
        "x": "modis-k490",
        "y": "modis-par",
        "text": "0.27",
        "font": {
          "color": "black",
          "size": 10
        },
        "showarrow": false
      },
      {
        "x": "modis-par",
        "y": "modis-par",
        "text": "1.00",
        "font": {
          "color": "white",
          "size": 10
        },
        "showarrow": false
      },
      {
        "x": "modis-sst",
        "y": "modis-par",
        "text": "0.45",
        "font": {
          "color": "black",
          "size": 10
        },
        "showarrow": false
      },
      {
        "x": "sst-anom",
        "y": "modis-par",
        "text": "-0.11",
        "font": {
          "color": "black",
          "size": 10
        },
        "showarrow": false
      },
      {
        "x": "oni",
        "y": "modis-sst",
        "text": "0.12",
        "font": {
          "color": "black",
          "size": 10
        },
        "showarrow": false
      },
      {
        "x": "pdo",
        "y": "modis-sst",
        "text": "0.18",
        "font": {
          "color": "black",
          "size": 10
        },
        "showarrow": false
      },
      {
        "x": "discharge",
        "y": "modis-sst",
        "text": "-0.23",
        "font": {
          "color": "black",
          "size": 10
        },
        "showarrow": false
      },
      {
        "x": "da",
        "y": "modis-sst",
        "text": "0.07",
        "font": {
          "color": "black",
          "size": 10
        },
        "showarrow": false
      },
      {
        "x": "pn",
        "y": "modis-sst",
        "text": "0.09",
        "font": {
          "color": "black",
          "size": 10
        },
        "showarrow": false
      },
      {
        "x": "beuti",
        "y": "modis-sst",
        "text": "0.25",
        "font": {
          "color": "black",
          "size": 10
        },
        "showarrow": false
      },
      {
        "x": "chla-anom",
        "y": "modis-sst",
        "text": "-0.07",
        "font": {
          "color": "black",
          "size": 10
        },
        "showarrow": false
      },
      {
        "x": "modis-chla",
        "y": "modis-sst",
        "text": "0.27",
        "font": {
          "color": "black",
          "size": 10
        },
        "showarrow": false
      },
      {
        "x": "modis-flr",
        "y": "modis-sst",
        "text": "-0.03",
        "font": {
          "color": "black",
          "size": 10
        },
        "showarrow": false
      },
      {
        "x": "modis-k490",
        "y": "modis-sst",
        "text": "0.20",
        "font": {
          "color": "black",
          "size": 10
        },
        "showarrow": false
      },
      {
        "x": "modis-par",
        "y": "modis-sst",
        "text": "0.45",
        "font": {
          "color": "black",
          "size": 10
        },
        "showarrow": false
      },
      {
        "x": "modis-sst",
        "y": "modis-sst",
        "text": "1.00",
        "font": {
          "color": "white",
          "size": 10
        },
        "showarrow": false
      },
      {
        "x": "sst-anom",
        "y": "modis-sst",
        "text": "0.01",
        "font": {
          "color": "black",
          "size": 10
        },
        "showarrow": false
      },
      {
        "x": "oni",
        "y": "sst-anom",
        "text": "0.30",
        "font": {
          "color": "black",
          "size": 10
        },
        "showarrow": false
      },
      {
        "x": "pdo",
        "y": "sst-anom",
        "text": "0.43",
        "font": {
          "color": "black",
          "size": 10
        },
        "showarrow": false
      },
      {
        "x": "discharge",
        "y": "sst-anom",
        "text": "-0.07",
        "font": {
          "color": "black",
          "size": 10
        },
        "showarrow": false
      },
      {
        "x": "da",
        "y": "sst-anom",
        "text": "0.14",
        "font": {
          "color": "black",
          "size": 10
        },
        "showarrow": false
      },
      {
        "x": "pn",
        "y": "sst-anom",
        "text": "0.05",
        "font": {
          "color": "black",
          "size": 10
        },
        "showarrow": false
      },
      {
        "x": "beuti",
        "y": "sst-anom",
        "text": "0.03",
        "font": {
          "color": "black",
          "size": 10
        },
        "showarrow": false
      },
      {
        "x": "chla-anom",
        "y": "sst-anom",
        "text": "-0.17",
        "font": {
          "color": "black",
          "size": 10
        },
        "showarrow": false
      },
      {
        "x": "modis-chla",
        "y": "sst-anom",
        "text": "-0.02",
        "font": {
          "color": "black",
          "size": 10
        },
        "showarrow": false
      },
      {
        "x": "modis-flr",
        "y": "sst-anom",
        "text": "0.08",
        "font": {
          "color": "black",
          "size": 10
        },
        "showarrow": false
      },
      {
        "x": "modis-k490",
        "y": "sst-anom",
        "text": "0.05",
        "font": {
          "color": "black",
          "size": 10
        },
        "showarrow": false
      },
      {
        "x": "modis-par",
        "y": "sst-anom",
        "text": "-0.11",
        "font": {
          "color": "black",
          "size": 10
        },
        "showarrow": false
      },
      {
        "x": "modis-sst",
        "y": "sst-anom",
        "text": "0.01",
        "font": {
          "color": "black",
          "size": 10
        },
        "showarrow": false
      },
      {
        "x": "sst-anom",
        "y": "sst-anom",
        "text": "1.00",
        "font": {
          "color": "white",
          "size": 10
        },
        "showarrow": false
      }
    ],
    "margin": {
      "l": 150,
      "r": 150,
      "t": 100,
      "b": 150
    }
  }
}